0.00000 0.00000 0.00000 0.00000 1.00000 0.00000 1.00000 0.00000 10672.2 0.00000 242.000 0.00000 1.00000 1446.98 80.8487 -33.5544 0.251951 0.00367246 0.00000 0.00000 0.00000 491689. 0.870275 0.000616066 1.00000
1.00000 1.00000 0.00000 0.00000 1.00000 0.00000 1.00000 10672.0 5232.80 242.000 118.658 0.670996 0.00000 132.105 41.1707 -52.7416 0.108770 0.00498557 0.00000 0.00000 0.00000 491050. 0.663051 3.96836e-05 1.00000
2.00000 0.00000 0.00000 1.00000 1.00000 0.00000 1.00000 0.00000 10672.2 0.00000 242.000 0.00000 4.00000 315.720 63.2161 -30.6989 0.590789 0.00452049 0.00000 0.00000 0.00000 491930. 0.949697 0.00254812 1.00000
3.00000 1.00000 0.00000 1.00000 1.00000 0.00000 1.00000 10672.0 10672.2 242.000 242.000 0.358802 2.00000 294.223 61.9556 -41.4423 0.670097 0.00518222 0.00000 0.00000 0.00000 491110. 0.886230 0.000262565 1.00000
4.00000 2.00000 0.00000 1.00000 1.00000 0.00000 1.00000 21344.0 8399.60 484.000 190.467 0.717604 3.00000 685.676 64.6970 -64.5856 0.154872 0.00488884 0.00000 0.00000 0.00000 490918. 0.335826 6.40398e-07 1.00000
5.00000 0.00000 0.00000 2.00000 1.00000 0.00000 1.00000 0.00000 9089.00 0.00000 206.100 0.00000 5.00000 2082.28 82.6267 -37.9447 0.177904 0.00361718 0.00000 0.00000 0.00000 492040. 0.751193 0.000727291 1.00000
6.00000 0.00000 0.00000 3.00000 1.00000 0.00000 1.00000 0.00000 10672.2 0.00000 242.000 0.00000 8.00000 2147.20 77.1027 -32.5042 0.164153 0.00366382 0.00000 0.00000 0.00000 492896. 0.680747 0.00104525 1.00000
7.00000 1.00000 0.00000 3.00000 1.00000 0.00000 1.00000 10672.0 10672.2 242.000 242.000 0.461301 6.00000 3598.43 101.881 -30.5708 0.137865 0.00417584 0.00000 0.00000 0.00000 496074. 0.0660684 0.00133148 1.00000
8.00000 2.00000 0.00000 3.00000 1.00000 0.00000 1.00000 21344.0 1790.60 484.000 40.6032 0.922602 7.00000 43.8370 29.0725 -57.7662 0.00000 0.00407042 0.00000 0.00000 0.00000 491011. 0.433947 1.78228e-06 1.00000
9.00000 0.00000 0.00000 4.00000 1.00000 0.00000 1.00000 0.00000 10672.2 0.00000 242.000 0.00000 10.0000 1824.67 85.0234 -39.0713 0.236635 0.00418468 0.00000 0.00000 0.00000 491779. 0.776754 0.000441162 1.00000
10.0000 1.00000 0.00000 4.00000 1.00000 0.00000 1.00000 10672.0 10672.2 242.000 242.000 0.496774 9.00000 1042.15 61.0075 -46.3690 0.237039 0.00403290 0.00000 0.00000 0.00000 491430. 0.611774 0.000206505 1.00000
11.0000 0.00000 0.00000 5.00000 1.00000 0.00000 1.00000 0.00000 10672.2 0.00000 242.000 0.00000 13.0000 533.876 65.6884 -33.2676 0.291674 0.00398835 0.00000 0.00000 0.00000 491153. 0.972249 0.00229154 1.00000
12.0000 1.00000 0.00000 5.00000 1.00000 0.00000 1.00000 10672.0 10672.2 242.000 242.000 0.327007 11.0000 194.671 48.9469 -38.0445 0.415629 0.00498699 0.00000 0.00000 0.00000 491291. 0.866957 0.00212852 1.00000
13.0000 2.00000 0.00000 5.00000 1.00000 0.00000 1.00000 21344.0 10672.2 484.000 242.000 0.654014 12.0000 654.491 53.3959 -51.4293 0.247152 0.00432985 0.00000 0.00000 0.00000 491044. 0.732795 5.36764e-05 1.00000
14.0000 0.00000 0.00000 6.00000 1.00000 0.00000 1.00000 0.00000 10672.2 0.00000 242.000 0.00000 18.0000 2014.93 85.2650 -27.4200 0.254106 0.00367230 0.00000 0.00000 0.00000 492628. 0.926332 0.00447293 1.00000
15.0000 1.00000 0.00000 6.00000 1.00000 0.00000 1.00000 10672.0 10672.2 242.000 242.000 0.230651 14.0000 70.6620 34.9473 -41.2257 0.0970003 0.00492175 0.00000 0.00000 0.00000 491368. 0.962530 0.000930741 1.00000
16.0000 2.00000 0.00000 6.00000 1.00000 0.00000 1.00000 21344.0 10672.2 484.000 242.000 0.461301 15.0000 548.472 52.8758 -31.6087 0.215755 0.00447719 0.00000 0.00000 0.00000 491763. 0.974867 0.00527905 1.00000
17.0000 3.00000 0.00000 6.00000 1.00000 0.00000 1.00000 32016.0 10672.2 726.000 242.000 0.691952 16.0000 1479.59 80.8815 -30.9564 0.181446 0.00301306 0.00000 0.00000 0.00000 491859. 0.951390 0.00174906 1.00000
18.0000 4.00000 0.00000 6.00000 1.00000 0.00000 1.00000 42688.0 3581.20 968.000 81.2064 0.922602 17.0000 141.243 38.9896 -51.8442 0.00418107 0.00488807 0.00000 0.00000 0.00000 490963. 0.742299 1.71232e-05 1.00000
19.0000 0.00000 0.00000 7.00000 1.00000 0.00000 1.00000 0.00000 10672.2 0.00000 242.000 0.00000 21.0000 2348.55 87.9933 -30.5500 0.180768 0.00467637 0.00000 0.00000 0.00000 495128. 0.208877 0.00179125 1.00000
20.0000 1.00000 0.00000 7.00000 1.00000 0.00000 1.00000 10672.0 10672.2 242.000 242.000 0.335498 19.0000 1330.26 87.2137 -24.0940 0.341674 0.00316376 0.00000 0.00000 0.00000 492929. 0.963104 0.00767787 1.00000
21.0000 2.00000 0.00000 7.00000 1.00000 0.00000 1.00000 21344.0 10465.6 484.000 237.315 0.670996 20.0000 634.909 59.4431 -46.6266 0.184785 0.00444323 0.00000 0.00000 0.00000 491657. 0.626829 0.000825198 1.00000
22.0000 0.00000 0.00000 8.00000 1.00000 0.00000 1.00000 0.00000 10672.2 0.00000 242.000 0.00000 25.0000 3059.49 99.7044 -21.8742 0.165305 0.00416273 0.00000 0.00000 0.00000 502338. 0.284064 0.0106705 1.00000
23.0000 1.00000 0.00000 8.00000 1.00000 0.00000 1.00000 10672.0 10672.2 242.000 242.000 0.255775 22.0000 3249.90 101.540 -25.6512 0.0924374 0.00418796 0.00000 0.00000 0.00000 495410. 0.258911 0.00318627 1.00000
24.0000 2.00000 0.00000 8.00000 1.00000 0.00000 1.00000 21344.0 10672.2 484.000 242.000 0.511549 23.0000 3066.75 97.5917 -25.1466 0.192761 0.00310599 0.00000 0.00000 0.00000 495631. 0.661798 0.00464398 1.00000
25.0000 3.00000 0.00000 8.00000 1.00000 0.00000 1.00000 32016.0 9708.40 726.000 220.145 0.767324 24.0000 440.776 57.7810 -44.1167 0.145177 0.00409890 0.00000 0.00000 0.00000 491115. 0.880653 0.000176993 1.00000
26.0000 0.00000 0.00000 9.00000 2.00000 0.00000 1.00000 0.00000 10672.2 0.00000 242.000 0.00000 31.0000 212.102 55.0017 -26.5206 0.466072 0.00468313 0.00000 0.00000 0.00000 491841. 0.987415 0.00739848 1.00000
27.0000 1.00000 0.00000 9.00000 2.00000 0.00000 1.00000 10672.0 10672.2 242.000 242.000 0.179398 26.0000 926.221 66.6263 -17.5667 0.536821 0.00451506 0.00000 0.00000 0.00000 493590. 0.894987 0.0291943 1.00000
28.0000 2.00000 0.00000 9.00000 2.00000 0.00000 1.00000 21344.0 10672.2 484.000 242.000 0.358796 27.0000 1340.87 78.2399 -17.4031 0.420977 0.00432743 0.00000 0.00000 0.00000 501040. 0.500707 0.0208739 1.00000
29.0000 3.00000 0.00000 9.00000 2.00000 0.00000 1.00000 32016.0 10672.2 726.000 242.000 0.538194 28.0000 630.522 59.9863 -24.3629 0.326709 0.00381858 0.00000 0.00000 0.00000 492640. 0.870072 0.0112513 1.00000
30.0000 4.00000 0.00000 9.00000 2.00000 0.00000 1.00000 42688.0 10672.2 968.000 242.000 0.717591 29.0000 147.012 39.2040 -31.2059 0.0661454 0.00466371 0.00000 0.00000 0.00000 491455. 0.989679 0.000859099 1.00000
31.0000 5.00000 0.00000 9.00000 2.00000 0.00000 1.00000 53361.0 6128.00 1210.00 138.957 0.896989 30.0000 43.8370 29.0725 -45.7524 0.00000 0.00533337 0.00000 0.00000 0.00000 491001. 0.832234 0.000107797 1.00000
32.0000 0.00000 0.00000 10.0000 2.00000 0.00000 1.00000 0.00000 10672.2 0.00000 242.000 0.00000 34.0000 1054.45 79.3451 -34.6089 0.216335 0.00320534 0.00000 0.00000 0.00000 491587. 0.934333 0.00119817 1.00000
33.0000 1.00000 0.00000 10.0000 2.00000 0.00000 1.00000 10672.0 10672.2 242.000 242.000 0.430556 32.0000 1465.35 88.0901 -28.1264 0.262981 0.00385167 0.00000 0.00000 0.00000 492069. 0.932345 0.00178058 1.00000
34.0000 2.00000 0.00000 10.0000 2.00000 0.00000 1.00000 21344.0 3442.60 484.000 78.0635 0.861113 33.0000 1982.62 76.7833 -36.5063 0.132015 0.00299890 0.00000 0.00000 0.00000 492366. 0.713422 0.000371584 1.00000
35.0000 0.00000 0.00000 11.0000 2.00000 0.00000 1.00000 0.00000 10672.2 0.00000 242.000 0.00000 36.0000 4308.31 107.383 -20.6797 0.195235 0.00334132 0.00000 0.00000 0.00000 496117. 0.826979 0.0206160 1.00000
36.0000 1.00000 0.00000 11.0000 2.00000 0.00000 1.00000 10672.0 9570.80 242.000 217.025 0.527204 35.0000 2723.46 89.6774 -38.1623 0.121343 0.00370658 0.00000 0.00000 0.00000 491296. 0.917734 0.000340654 1.00000
37.0000 0.00000 0.00000 12.0000 2.00000 0.00000 1.00000 0.00000 10672.2 0.00000 242.000 0.00000 39.0000 2655.11 83.6616 -39.0033 0.220232 0.00418604 0.00000 0.00000 0.00000 492638. 0.616386 0.000377092 1.00000
38.0000 1.00000 0.00000 12.0000 2.00000 0.00000 1.00000 10672.0 10672.2 242.000 242.000 0.430556 37.0000 1696.35 75.9632 -33.0151 0.151713 0.00425512 0.00000 0.00000 0.00000 491674. 0.775509 0.00103407 1.00000
39.0000 2.00000 0.00000 12.0000 2.00000 0.00000 1.00000 21344.0 3442.60 484.000 78.0635 0.861113 38.0000 982.587 76.0052 -45.2054 0.190926 0.00317665 0.00000 0.00000 0.00000 491241. 0.872395 0.000114594 1.00000
40.0000 0.00000 0.00000 13.0000 2.00000 0.00000 1.00000 0.00000 10672.2 0.00000 242.000 0.00000 43.0000 153.824 47.6062 -12.0133 0.409641 0.00534021 0.00000 0.00000 0.00000 493963. 0.998507 0.0734383 1.00000
41.0000 1.00000 0.00000 13.0000 2.00000 0.00000 1.00000 10672.0 10672.2 242.000 242.000 0.293555 40.0000 1203.28 66.3089 -16.3531 0.443826 0.00473018 0.00000 0.00000 0.00000 495332. 0.754955 0.0334856 1.00000
42.0000 2.00000 0.00000 13.0000 2.00000 0.00000 1.00000 21344.0 10672.2 484.000 242.000 0.587110 41.0000 2681.89 93.9677 -29.4098 0.175473 0.00325749 0.00000 0.00000 0.00000 493894. 0.782341 0.00181620 1.00000
43.0000 3.00000 0.00000 13.0000 2.00000 0.00000 1.00000 32016.0 4338.40 726.000 98.3765 0.880666 42.0000 512.922 68.9877 -42.1959 0.219699 0.00496218 0.00000 0.00000 0.00000 491072. 0.960461 9.60877e-05 1.00000
44.0000 0.00000 0.00000 14.0000 2.00000 0.00000 1.00000 0.00000 10672.2 0.00000 242.000 0.00000 48.0000 720.896 52.2363 -46.7275 0.232160 0.00446330 0.00000 0.00000 0.00000 491277. 0.689284 0.000396868 1.00000
45.0000 1.00000 0.00000 14.0000 2.00000 0.00000 1.00000 10672.0 10672.2 242.000 242.000 0.200259 44.0000 203.051 44.4983 -55.9565 0.108777 0.00482872 0.00000 0.00000 0.00000 490935. 0.481706 8.62439e-05 1.00000
46.0000 2.00000 0.00000 14.0000 2.00000 0.00000 1.00000 21344.0 10672.2 484.000 242.000 0.400518 45.0000 439.659 60.9060 -41.0490 0.259891 0.00356840 0.00000 0.00000 0.00000 491189. 0.928030 0.000455603 1.00000
47.0000 3.00000 0.00000 14.0000 2.00000 0.00000 1.00000 32016.0 10672.2 726.000 242.000 0.600777 46.0000 267.921 51.1448 -37.1896 0.311720 0.00427363 0.00000 0.00000 0.00000 491301. 0.895836 0.000660499 1.00000
48.0000 4.00000 0.00000 14.0000 2.00000 0.00000 1.00000 42688.0 10603.2 968.000 240.435 0.801036 47.0000 64.5427 34.3917 -60.3779 0.0924142 0.00484754 0.00000 0.00000 0.00000 490927. 0.463422 1.15786e-06 1.00000
49.0000 0.00000 0.00000 15.0000 2.00000 0.00000 1.00000 0.00000 10672.2 0.00000 242.000 0.00000 53.0000 788.686 60.9179 -42.7559 0.249028 0.00440042 0.00000 0.00000 0.00000 491511. 0.777656 0.000463414 1.00000
50.0000 1.00000 0.00000 15.0000 2.00000 0.00000 1.00000 10672.0 10672.2 242.000 242.000 0.203412 49.0000 45.9319 29.8093 -58.5911 0.0202382 0.00490036 0.00000 0.00000 0.00000 490936. 0.539436 1.49182e-06 1.00000
51.0000 2.00000 0.00000 15.0000 2.00000 0.00000 1.00000 21344.0 10672.2 484.000 242.000 0.406823 50.0000 616.004 55.4581 -43.2227 0.233113 0.00442088 0.00000 0.00000 0.00000 491631. 0.778890 0.000438133 1.00000
52.0000 3.00000 0.00000 15.0000 2.00000 0.00000 1.00000 32016.0 10672.2 726.000 242.000 0.610235 51.0000 2062.86 77.5462 -43.4548 0.189409 0.00428095 0.00000 0.00000 0.00000 491477. 0.658939 8.72314e-05 1.00000
53.0000 4.00000 0.00000 15.0000 2.00000 0.00000 1.00000 42688.0 9777.20 968.000 221.705 0.813647 52.0000 1730.40 76.7760 -46.8590 0.0723522 0.00373086 0.00000 0.00000 0.00000 491133. 0.805561 3.87122e-05 1.00000
54.0000 0.00000 0.00000 16.0000 2.00000 0.00000 1.00000 0.00000 10672.2 0.00000 242.000 0.00000 55.0000 1689.03 86.6121 -25.1833 0.305332 0.00430786 0.00000 0.00000 0.00000 495152. 0.762020 0.00807493 1.00000
55.0000 1.00000 0.00000 16.0000 2.00000 0.00000 1.00000 10672.0 2960.80 242.000 67.1383 0.782821 54.0000 51.4067 31.4813 -33.4614 0.0753201 0.00486176 0.00000 0.00000 0.00000 491479. 0.987335 0.00136058 1.00000
56.0000 0.00000 0.00000 17.0000 2.00000 0.00000 1.00000 0.00000 10672.2 0.00000 242.000 0.00000 57.0000 2203.95 87.9665 -23.3261 0.309592 0.00416145 0.00000 0.00000 0.00000 494231. 0.817636 0.00861234 1.00000
57.0000 1.00000 0.00000 17.0000 2.00000 0.00000 1.00000 10672.0 7917.80 242.000 179.542 0.574083 56.0000 899.448 64.4220 -53.6336 0.111770 0.00438080 0.00000 0.00000 0.00000 491432. 0.596912 0.000114964 1.00000
58.0000 0.00000 0.00000 18.0000 2.00000 0.00000 1.00000 0.00000 10672.2 0.00000 242.000 0.00000 60.0000 1626.65 67.1536 -44.6650 0.0866121 0.00448966 0.00000 0.00000 0.00000 492143. 0.238721 0.000178082 1.00000
59.0000 1.00000 0.00000 18.0000 2.00000 0.00000 1.00000 10672.0 10672.2 242.000 242.000 0.339911 58.0000 978.942 74.2712 -25.7652 0.506056 0.00414773 0.00000 0.00000 0.00000 493112. 0.881384 0.00399759 1.00000
60.0000 2.00000 0.00000 18.0000 2.00000 0.00000 1.00000 21344.0 10052.6 484.000 227.950 0.679823 59.0000 191.333 51.0318 -47.3609 0.403161 0.00514861 0.00000 0.00000 0.00000 491123. 0.772493 0.00125136 1.00000
