0.00000 0.00000 0.00000 0.00000 1.00000 0.00000 1.00000 0.00000 10672.2 0.00000 242.000 0.00000 16.0000 176.759 53.2080 -35.2892 0.683047 0.00548389 0.00000 0.00000 0.00000 491124. 0.964348 0.00319384 1.00000
1.00000 1.00000 0.00000 0.00000 1.00000 0.00000 1.00000 10672.0 10672.2 242.000 242.000 0.0598358 0.00000 172.245 52.7455 -29.4583 0.541550 0.00546912 0.00000 0.00000 0.00000 491503. 0.994814 0.0121812 1.00000
2.00000 2.00000 0.00000 0.00000 1.00000 0.00000 1.00000 21344.0 10672.2 484.000 242.000 0.119672 1.00000 174.084 52.8936 -39.2463 0.491981 0.00537652 0.00000 0.00000 0.00000 491012. 0.990882 0.000119739 1.00000
3.00000 3.00000 0.00000 0.00000 1.00000 0.00000 1.00000 32016.0 10672.2 726.000 242.000 0.179508 2.00000 182.005 53.6434 -39.1588 0.468582 0.00545909 0.00000 0.00000 0.00000 491042. 0.991255 0.000121840 1.00000
4.00000 4.00000 0.00000 0.00000 1.00000 0.00000 1.00000 42688.0 10672.2 968.000 242.000 0.239343 3.00000 181.050 53.5537 -38.8640 0.483182 0.00542851 0.00000 0.00000 0.00000 491057. 0.991687 0.000131289 1.00000
5.00000 5.00000 0.00000 0.00000 1.00000 0.00000 1.00000 53361.0 10672.2 1210.00 242.000 0.299179 4.00000 170.789 52.5972 -39.6696 0.523811 0.00548438 0.00000 0.00000 0.00000 490999. 0.989713 0.000108088 1.00000
6.00000 6.00000 0.00000 0.00000 1.00000 0.00000 1.00000 64033.0 10672.2 1452.00 242.000 0.359015 5.00000 171.492 52.6272 -40.1096 0.486611 0.00536075 0.00000 0.00000 0.00000 490949. 0.988269 9.81347e-05 1.00000
7.00000 7.00000 0.00000 0.00000 1.00000 0.00000 1.00000 74705.0 10672.2 1694.00 242.000 0.418851 6.00000 168.225 52.3258 -42.9497 0.499921 0.00544565 0.00000 0.00000 0.00000 490962. 0.978561 5.38809e-05 1.00000
8.00000 8.00000 0.00000 0.00000 1.00000 0.00000 1.00000 85377.0 10672.2 1936.00 242.000 0.478687 7.00000 182.651 53.6984 -47.2340 0.473013 0.00542324 0.00000 0.00000 0.00000 490952. 0.948497 1.90894e-05 1.00000
9.00000 9.00000 0.00000 0.00000 1.00000 0.00000 1.00000 96049.0 10672.2 2178.00 242.000 0.538523 8.00000 183.321 53.7634 -49.1768 0.470131 0.00536047 0.00000 0.00000 0.00000 490933. 0.920424 1.24019e-05 1.00000
10.0000 10.0000 0.00000 0.00000 1.00000 0.00000 1.00000 106722. 10672.2 2420.00 242.000 0.598358 9.00000 168.118 52.3434 -52.7420 0.534960 0.00538295 0.00000 0.00000 0.00000 490911. 0.836119 5.52003e-06 1.00000
11.0000 11.0000 0.00000 0.00000 1.00000 0.00000 1.00000 117394. 10672.2 2662.00 242.000 0.658194 10.0000 173.358 52.8745 -56.5496 0.591334 0.00527988 0.00000 0.00000 0.00000 490900. 0.683973 2.26531e-06 1.00000
12.0000 12.0000 0.00000 0.00000 1.00000 0.00000 1.00000 128066. 10672.2 2904.00 242.000 0.718030 11.0000 174.646 53.0026 -59.4512 0.609256 0.00515422 0.00000 0.00000 0.00000 490898. 0.527414 1.14920e-06 1.00000
13.0000 13.0000 0.00000 0.00000 1.00000 0.00000 1.00000 138738. 10672.2 3146.00 242.000 0.777866 12.0000 176.548 53.1903 -61.5596 0.639853 0.00519389 0.00000 0.00000 0.00000 490898. 0.407089 7.03661e-07 1.00000
14.0000 14.0000 0.00000 0.00000 1.00000 0.00000 1.00000 149410. 10672.2 3388.00 242.000 0.837702 13.0000 176.820 53.2167 -64.5675 0.661812 0.00508249 0.00000 0.00000 0.00000 490897. 0.254539 3.54158e-07 1.00000
15.0000 15.0000 0.00000 0.00000 1.00000 0.00000 1.00000 160083. 10672.2 3630.00 242.000 0.897538 14.0000 177.223 53.2548 -69.2242 0.659003 0.00487678 0.00000 0.00000 0.00000 490896. 0.112821 1.41623e-07 1.00000
16.0000 16.0000 0.00000 0.00000 1.00000 0.00000 1.00000 170755. 7602.80 3872.00 172.399 0.957373 15.0000 192.001 54.4699 -69.1776 0.646715 0.00501159 0.00000 0.00000 0.00000 490894. 0.138576 1.74898e-07 1.00000
17.0000 0.00000 0.00000 1.00000 1.00000 0.00000 1.00000 0.00000 10672.2 0.00000 242.000 0.00000 31.0000 312.896 62.8170 -44.2837 0.725754 0.00532371 0.00000 0.00000 0.00000 490980. 0.865484 0.000253187 1.00000
18.0000 1.00000 0.00000 1.00000 1.00000 0.00000 1.00000 10672.0 10672.2 242.000 242.000 0.0678733 17.0000 314.777 63.1964 -36.6559 0.778676 0.00519382 0.00000 0.00000 0.00000 491571. 0.807510 0.00567321 1.00000
19.0000 2.00000 0.00000 1.00000 1.00000 0.00000 1.00000 21344.0 10672.2 484.000 242.000 0.135747 18.0000 313.258 63.1102 -61.4088 0.755461 0.00521820 0.00000 0.00000 0.00000 490901. 0.428322 8.67991e-07 1.00000
20.0000 3.00000 0.00000 1.00000 1.00000 0.00000 1.00000 32016.0 10672.2 726.000 242.000 0.203620 19.0000 306.433 62.7289 -66.3631 0.711878 0.00493701 0.00000 0.00000 0.00000 490896. 0.188471 2.49865e-07 1.00000
21.0000 4.00000 0.00000 1.00000 1.00000 0.00000 1.00000 42688.0 10672.2 968.000 242.000 0.271493 20.0000 310.184 62.9432 -63.4532 0.753239 0.00507817 0.00000 0.00000 0.00000 490898. 0.335000 6.03570e-07 1.00000
22.0000 5.00000 0.00000 1.00000 1.00000 0.00000 1.00000 53361.0 10672.2 1210.00 242.000 0.339367 21.0000 316.293 63.2815 -64.8634 0.789986 0.00518326 0.00000 0.00000 0.00000 490898. 0.255569 3.96741e-07 1.00000
23.0000 6.00000 0.00000 1.00000 1.00000 0.00000 1.00000 64033.0 10672.2 1452.00 242.000 0.407240 22.0000 312.154 63.0528 -60.1975 0.824553 0.00529042 0.00000 0.00000 0.00000 490904. 0.490843 1.09850e-06 1.00000
24.0000 7.00000 0.00000 1.00000 1.00000 0.00000 1.00000 74705.0 10672.2 1694.00 242.000 0.475113 23.0000 318.598 63.4088 -73.7726 0.763772 0.00466849 0.00000 0.00000 0.00000 490895. 0.0440982 5.65002e-08 1.00000
25.0000 8.00000 0.00000 1.00000 1.00000 0.00000 1.00000 85377.0 10672.2 1936.00 242.000 0.542987 24.0000 319.533 63.4601 -74.5841 0.761027 0.00471463 0.00000 0.00000 0.00000 490895. 0.0273220 3.57870e-08 1.00000
26.0000 9.00000 0.00000 1.00000 1.00000 0.00000 1.00000 96049.0 10672.2 2178.00 242.000 0.610860 25.0000 318.654 63.4131 -75.3179 0.766725 0.00449043 0.00000 0.00000 0.00000 490895. 0.0263569 3.49782e-08 1.00000
27.0000 10.0000 0.00000 1.00000 1.00000 0.00000 1.00000 106722. 10672.2 2420.00 242.000 0.678733 26.0000 317.076 63.3273 -77.8692 0.710246 0.00444632 0.00000 0.00000 0.00000 490894. 0.0102177 1.80521e-08 1.00000
28.0000 11.0000 0.00000 1.00000 1.00000 0.00000 1.00000 117394. 10672.2 2662.00 242.000 0.746607 27.0000 318.132 63.3840 -79.4046 0.656787 0.00432126 0.00000 0.00000 0.00000 490894. 0.00454570 1.21006e-08 1.00000
29.0000 12.0000 0.00000 1.00000 1.00000 0.00000 1.00000 128066. 10672.2 2904.00 242.000 0.814480 28.0000 286.654 59.9385 -81.3708 0.502885 0.00414137 0.00000 0.00000 0.00000 490895. 0.000133716 7.47815e-09 1.00000
30.0000 13.0000 0.00000 1.00000 1.00000 0.00000 1.00000 138738. 10672.2 3146.00 242.000 0.882353 29.0000 303.858 62.5854 -81.4575 0.437108 0.00429068 0.00000 0.00000 0.00000 490894. -0.000400749 7.16698e-09 1.00000
31.0000 14.0000 0.00000 1.00000 1.00000 0.00000 1.00000 149410. 7826.21 3388.00 177.465 0.950227 30.0000 319.109 63.3860 -81.5789 0.465311 0.00432784 0.00000 0.00000 0.00000 490895. 0.00114027 7.85039e-09 1.00000
32.0000 0.00000 0.00000 2.00000 1.00000 0.00000 1.00000 0.00000 10672.2 0.00000 242.000 0.00000 47.0000 302.269 62.4970 -54.9724 0.712884 0.00518942 0.00000 0.00000 0.00000 490938. 0.626208 2.33772e-05 1.00000
33.0000 1.00000 0.00000 2.00000 1.00000 0.00000 1.00000 10672.0 10672.2 242.000 242.000 0.0649643 32.0000 298.350 62.2713 -21.3874 0.678512 0.00538163 0.00000 0.00000 0.00000 492725. 0.996322 0.0179588 1.00000
34.0000 2.00000 0.00000 2.00000 1.00000 0.00000 1.00000 21344.0 10672.2 484.000 242.000 0.129929 33.0000 306.112 62.7147 -34.0128 0.756257 0.00533675 0.00000 0.00000 0.00000 491204. 0.995408 0.000556600 1.00000
35.0000 3.00000 0.00000 2.00000 1.00000 0.00000 1.00000 32016.0 10672.2 726.000 242.000 0.194893 34.0000 305.121 62.6587 -39.3506 0.768350 0.00543732 0.00000 0.00000 0.00000 491073. 0.985705 0.000156391 1.00000
36.0000 4.00000 0.00000 2.00000 1.00000 0.00000 1.00000 42688.0 10672.2 968.000 242.000 0.259857 35.0000 306.417 62.6805 -58.3056 0.695909 0.00521978 0.00000 0.00000 0.00000 490914. 0.559794 2.88233e-06 1.00000
37.0000 5.00000 0.00000 2.00000 1.00000 0.00000 1.00000 53361.0 10672.2 1210.00 242.000 0.324821 36.0000 382.273 64.4453 -60.8550 0.710743 0.00524872 0.00000 0.00000 0.00000 490902. 0.446227 9.62507e-07 1.00000
38.0000 6.00000 0.00000 2.00000 1.00000 0.00000 1.00000 64033.0 10672.2 1452.00 242.000 0.389786 37.0000 293.583 61.9947 -59.8095 0.714011 0.00521358 0.00000 0.00000 0.00000 490904. 0.504020 1.13506e-06 1.00000
39.0000 7.00000 0.00000 2.00000 1.00000 0.00000 1.00000 74705.0 10672.2 1694.00 242.000 0.454750 38.0000 309.495 62.7998 -59.5176 0.727845 0.00518381 0.00000 0.00000 0.00000 490905. 0.518988 1.12227e-06 1.00000
40.0000 8.00000 0.00000 2.00000 1.00000 0.00000 1.00000 85377.0 10672.2 1936.00 242.000 0.519714 39.0000 302.571 62.4509 -63.7645 0.718107 0.00491818 0.00000 0.00000 0.00000 490900. 0.296294 4.56391e-07 1.00000
41.0000 9.00000 0.00000 2.00000 1.00000 0.00000 1.00000 96049.0 10672.2 2178.00 242.000 0.584678 40.0000 382.906 64.6824 -70.8372 0.660218 0.00495491 0.00000 0.00000 0.00000 490896. 0.0742152 8.98690e-08 1.00000
42.0000 10.0000 0.00000 2.00000 1.00000 0.00000 1.00000 106722. 10672.2 2420.00 242.000 0.649643 41.0000 322.024 63.4988 -78.5168 0.574954 0.00441942 0.00000 0.00000 0.00000 490894. 0.00709604 1.47648e-08 1.00000
43.0000 11.0000 0.00000 2.00000 1.00000 0.00000 1.00000 117394. 10672.2 2662.00 242.000 0.714607 42.0000 314.954 63.1831 -78.3664 0.603980 0.00456417 0.00000 0.00000 0.00000 490894. 0.00867364 1.61300e-08 1.00000
44.0000 12.0000 0.00000 2.00000 1.00000 0.00000 1.00000 128066. 10672.2 2904.00 242.000 0.779571 43.0000 410.811 65.8983 -80.8670 0.441211 0.00421818 0.00000 0.00000 0.00000 490894. 0.000847315 8.58095e-09 1.00000
45.0000 13.0000 0.00000 2.00000 1.00000 0.00000 1.00000 138738. 10672.2 3146.00 242.000 0.844535 44.0000 401.359 65.4195 -81.4433 0.373539 0.00425936 0.00000 0.00000 0.00000 490894. -0.000205332 7.38069e-09 1.00000
46.0000 14.0000 0.00000 2.00000 1.00000 0.00000 1.00000 149410. 10672.2 3388.00 242.000 0.909500 45.0000 312.103 63.0173 -81.4919 0.454715 0.00439156 0.00000 0.00000 0.00000 490894. -6.50557e-05 7.14470e-09 1.00000
47.0000 15.0000 0.00000 2.00000 1.00000 0.00000 1.00000 160083. 4195.00 3630.00 95.1248 0.974464 46.0000 314.459 63.1778 -83.6699 0.361540 0.00440975 0.00000 0.00000 0.00000 490893. -0.000480123 4.93863e-09 1.00000
48.0000 0.00000 0.00000 3.00000 1.00000 0.00000 1.00000 0.00000 10672.2 0.00000 242.000 0.00000 59.0000 323.349 63.6026 -51.1012 0.695249 0.00496399 0.00000 0.00000 0.00000 490976. 0.575048 0.00117175 1.00000
49.0000 1.00000 0.00000 3.00000 1.00000 0.00000 1.00000 10672.0 10672.2 242.000 242.000 0.0874527 48.0000 320.457 63.4920 -28.8397 0.835268 0.00547587 0.00000 0.00000 0.00000 491604. 0.991915 0.00504936 1.00000
50.0000 2.00000 0.00000 3.00000 1.00000 0.00000 1.00000 21344.0 10672.2 484.000 242.000 0.174905 49.0000 308.445 62.8449 -61.4194 0.755820 0.00518167 0.00000 0.00000 0.00000 490900. 0.419181 8.07050e-07 1.00000
51.0000 3.00000 0.00000 3.00000 1.00000 0.00000 1.00000 32016.0 10672.2 726.000 242.000 0.262358 50.0000 318.220 63.3785 -68.9357 0.711087 0.00485317 0.00000 0.00000 0.00000 490896. 0.118688 1.48360e-07 1.00000
52.0000 4.00000 0.00000 3.00000 1.00000 0.00000 1.00000 42688.0 10672.2 968.000 242.000 0.349811 51.0000 314.120 63.1598 -68.6722 0.697183 0.00493958 0.00000 0.00000 0.00000 490896. 0.143711 2.00864e-07 1.00000
53.0000 5.00000 0.00000 3.00000 1.00000 0.00000 1.00000 53361.0 10672.2 1210.00 242.000 0.437263 52.0000 315.400 63.2315 -67.5696 0.770817 0.00498844 0.00000 0.00000 0.00000 490896. 0.153267 2.01853e-07 1.00000
54.0000 6.00000 0.00000 3.00000 1.00000 0.00000 1.00000 64033.0 10672.2 1452.00 242.000 0.524716 53.0000 311.892 63.0405 -66.1761 0.794224 0.00501682 0.00000 0.00000 0.00000 490898. 0.205061 2.81444e-07 1.00000
55.0000 7.00000 0.00000 3.00000 1.00000 0.00000 1.00000 74705.0 10672.2 1694.00 242.000 0.612169 54.0000 311.725 63.0326 -65.1111 0.832190 0.00517783 0.00000 0.00000 0.00000 490898. 0.237834 3.36605e-07 1.00000
56.0000 8.00000 0.00000 3.00000 1.00000 0.00000 1.00000 85377.0 10672.2 1936.00 242.000 0.699621 55.0000 311.574 63.0243 -66.9324 0.827826 0.00510069 0.00000 0.00000 0.00000 490897. 0.167618 2.14217e-07 1.00000
57.0000 9.00000 0.00000 3.00000 1.00000 0.00000 1.00000 96049.0 10672.2 2178.00 242.000 0.787074 56.0000 312.242 63.0615 -67.4192 0.821664 0.00505981 0.00000 0.00000 0.00000 490897. 0.152217 1.92089e-07 1.00000
58.0000 10.0000 0.00000 3.00000 1.00000 0.00000 1.00000 106722. 10672.2 2420.00 242.000 0.874527 57.0000 309.641 62.9158 -73.6031 0.762992 0.00474909 0.00000 0.00000 0.00000 490896. 0.0488779 6.12033e-08 1.00000
59.0000 11.0000 0.00000 3.00000 1.00000 0.00000 1.00000 117394. 4639.80 2662.00 105.211 0.961979 58.0000 310.021 62.9213 -81.6465 0.524104 0.00445293 0.00000 0.00000 0.00000 490892. 0.00312209 8.56744e-09 1.00000
60.0000 0.00000 0.00000 4.00000 1.00000 0.00000 1.00000 0.00000 10672.2 0.00000 242.000 0.00000 74.0000 752.953 54.5441 -81.8434 0.225056 0.00427075 0.00000 0.00000 0.00000 490894. 0.00266044 1.02977e-08 1.00000
61.0000 1.00000 0.00000 4.00000 1.00000 0.00000 1.00000 10672.0 10672.2 242.000 242.000 0.0678733 60.0000 301.258 62.4205 -56.9354 0.719170 0.00522894 0.00000 0.00000 0.00000 490907. 0.651305 3.17131e-06 1.00000
62.0000 2.00000 0.00000 4.00000 1.00000 0.00000 1.00000 21344.0 10672.2 484.000 242.000 0.135747 61.0000 261.697 60.0021 -34.9199 0.796204 0.00518697 0.00000 0.00000 0.00000 491005. 0.985890 0.00137170 1.00000
63.0000 3.00000 0.00000 4.00000 1.00000 0.00000 1.00000 32016.0 10672.2 726.000 242.000 0.203620 62.0000 247.639 59.0457 -20.4385 0.800432 0.00539045 0.00000 0.00000 0.00000 492113. 0.999075 0.0131103 1.00000
64.0000 4.00000 0.00000 4.00000 1.00000 0.00000 1.00000 42688.0 10672.2 968.000 242.000 0.271493 63.0000 239.267 58.4509 -45.0291 0.789501 0.00539849 0.00000 0.00000 0.00000 491042. 0.884597 0.000318229 1.00000
65.0000 5.00000 0.00000 4.00000 1.00000 0.00000 1.00000 53361.0 10672.2 1210.00 242.000 0.339367 64.0000 252.638 59.3900 -62.1559 0.710124 0.00505361 0.00000 0.00000 0.00000 490899. 0.393060 9.55515e-07 1.00000
66.0000 6.00000 0.00000 4.00000 1.00000 0.00000 1.00000 64033.0 10672.2 1452.00 242.000 0.407240 65.0000 252.430 59.3788 -63.0635 0.729690 0.00520825 0.00000 0.00000 0.00000 490898. 0.344219 6.19044e-07 1.00000
67.0000 7.00000 0.00000 4.00000 1.00000 0.00000 1.00000 74705.0 10672.2 1694.00 242.000 0.475113 66.0000 254.608 59.5250 -66.3326 0.753816 0.00491410 0.00000 0.00000 0.00000 490896. 0.211823 3.09366e-07 1.00000
68.0000 8.00000 0.00000 4.00000 1.00000 0.00000 1.00000 85377.0 10672.2 1936.00 242.000 0.542987 67.0000 254.146 59.4953 -69.8970 0.716220 0.00469768 0.00000 0.00000 0.00000 490895. 0.104452 1.32330e-07 1.00000
69.0000 9.00000 0.00000 4.00000 1.00000 0.00000 1.00000 96049.0 10672.2 2178.00 242.000 0.610860 68.0000 231.933 56.5772 -73.2555 0.687421 0.00466902 0.00000 0.00000 0.00000 490895. 0.0476376 5.94126e-08 1.00000
70.0000 10.0000 0.00000 4.00000 1.00000 0.00000 1.00000 106722. 10672.2 2420.00 242.000 0.678733 69.0000 254.151 59.4946 -76.8476 0.617520 0.00435837 0.00000 0.00000 0.00000 490895. 0.0147868 2.26839e-08 1.00000
71.0000 11.0000 0.00000 4.00000 1.00000 0.00000 1.00000 117394. 10672.2 2662.00 242.000 0.746607 70.0000 250.808 59.2664 -78.0929 0.519483 0.00438133 0.00000 0.00000 0.00000 490894. 0.00861209 1.66210e-08 1.00000
72.0000 12.0000 0.00000 4.00000 1.00000 0.00000 1.00000 128066. 10672.2 2904.00 242.000 0.814480 71.0000 242.847 58.7031 -78.5188 0.528800 0.00436726 0.00000 0.00000 0.00000 490894. 0.00871680 1.60824e-08 1.00000
73.0000 13.0000 0.00000 4.00000 1.00000 0.00000 1.00000 138738. 10672.2 3146.00 242.000 0.882353 72.0000 210.206 54.5696 -79.3210 0.509302 0.00422432 0.00000 0.00000 0.00000 490894. 0.00453042 1.23040e-08 1.00000
74.0000 14.0000 0.00000 4.00000 1.00000 0.00000 1.00000 149410. 7826.21 3388.00 177.465 0.950227 73.0000 253.922 59.4743 -80.3013 0.464077 0.00422779 0.00000 0.00000 0.00000 490894. 0.00354544 1.02130e-08 1.00000
75.0000 0.00000 0.00000 5.00000 1.00000 0.00000 1.00000 0.00000 10672.2 0.00000 242.000 0.00000 93.0000 178.992 53.4206 -72.4435 0.560415 0.00455040 0.00000 0.00000 0.00000 490895. 0.136431 2.03532e-07 1.00000
76.0000 1.00000 0.00000 5.00000 1.00000 0.00000 1.00000 10672.0 10672.2 242.000 242.000 0.0535004 75.0000 176.702 53.2051 -50.4748 0.660689 0.00533045 0.00000 0.00000 0.00000 490913. 0.845091 1.60304e-05 1.00000
77.0000 2.00000 0.00000 5.00000 1.00000 0.00000 1.00000 21344.0 10672.2 484.000 242.000 0.107001 76.0000 175.202 53.0555 -43.2271 0.643655 0.00542188 0.00000 0.00000 0.00000 490955. 0.977792 5.01539e-05 1.00000
78.0000 3.00000 0.00000 5.00000 1.00000 0.00000 1.00000 32016.0 10672.2 726.000 242.000 0.160501 77.0000 171.696 52.7062 -29.3459 0.556903 0.00547934 0.00000 0.00000 0.00000 491237. 0.997555 0.00156253 1.00000
79.0000 4.00000 0.00000 5.00000 1.00000 0.00000 1.00000 42688.0 10672.2 968.000 242.000 0.214001 78.0000 171.458 52.6802 -30.7173 0.576872 0.00544815 0.00000 0.00000 0.00000 491312. 0.997997 0.00108076 1.00000
80.0000 5.00000 0.00000 5.00000 1.00000 0.00000 1.00000 53361.0 10672.2 1210.00 242.000 0.267502 79.0000 176.745 53.2097 -38.7621 0.656333 0.00548899 0.00000 0.00000 0.00000 491029. 0.991488 0.000145815 1.00000
81.0000 6.00000 0.00000 5.00000 1.00000 0.00000 1.00000 64033.0 10672.2 1452.00 242.000 0.321002 80.0000 176.976 53.2321 -54.8408 0.675969 0.00529236 0.00000 0.00000 0.00000 490916. 0.661000 1.12216e-05 1.00000
82.0000 7.00000 0.00000 5.00000 1.00000 0.00000 1.00000 74705.0 10672.2 1694.00 242.000 0.374503 81.0000 176.296 53.1644 -59.1095 0.667554 0.00510410 0.00000 0.00000 0.00000 490901. 0.507602 3.64643e-06 1.00000
83.0000 8.00000 0.00000 5.00000 1.00000 0.00000 1.00000 85377.0 10672.2 1936.00 242.000 0.428003 82.0000 177.616 53.2933 -29.6787 0.702775 0.00548078 0.00000 0.00000 0.00000 491446. 0.992628 0.00718802 1.00000
84.0000 9.00000 0.00000 5.00000 1.00000 0.00000 1.00000 96049.0 10672.2 2178.00 242.000 0.481503 83.0000 176.431 53.1774 -45.0257 0.711563 0.00523377 0.00000 0.00000 0.00000 491155. 0.800098 0.00176848 1.00000
85.0000 10.0000 0.00000 5.00000 1.00000 0.00000 1.00000 106722. 10672.2 2420.00 242.000 0.535004 84.0000 175.294 53.0659 -57.6993 0.670937 0.00526123 0.00000 0.00000 0.00000 490901. 0.620395 1.87998e-06 1.00000
86.0000 11.0000 0.00000 5.00000 1.00000 0.00000 1.00000 117394. 10672.2 2662.00 242.000 0.588504 85.0000 176.849 53.2192 -57.1943 0.670767 0.00516853 0.00000 0.00000 0.00000 490903. 0.643423 2.19863e-06 1.00000
87.0000 12.0000 0.00000 5.00000 1.00000 0.00000 1.00000 128066. 10672.2 2904.00 242.000 0.642004 86.0000 175.389 53.0715 -57.6780 0.663583 0.00517459 0.00000 0.00000 0.00000 490904. 0.616536 2.05210e-06 1.00000
88.0000 13.0000 0.00000 5.00000 1.00000 0.00000 1.00000 138738. 10672.2 3146.00 242.000 0.695505 87.0000 176.563 53.1915 -56.2050 0.626385 0.00527593 0.00000 0.00000 0.00000 490905. 0.702805 2.40378e-06 1.00000
89.0000 14.0000 0.00000 5.00000 1.00000 0.00000 1.00000 149410. 10672.2 3388.00 242.000 0.749005 88.0000 185.560 53.9233 -53.9693 0.499022 0.00517232 0.00000 0.00000 0.00000 490913. 0.755521 6.57184e-06 1.00000
90.0000 15.0000 0.00000 5.00000 1.00000 0.00000 1.00000 160083. 10672.2 3630.00 242.000 0.802505 89.0000 183.624 53.7931 -74.9951 0.564121 0.00455838 0.00000 0.00000 0.00000 490895. 0.0253754 3.38828e-08 1.00000
91.0000 16.0000 0.00000 5.00000 1.00000 0.00000 1.00000 170755. 10672.2 3872.00 242.000 0.856006 90.0000 178.620 53.3913 -73.3161 0.708146 0.00471936 0.00000 0.00000 0.00000 490895. 0.0404282 5.00186e-08 1.00000
92.0000 17.0000 0.00000 5.00000 1.00000 0.00000 1.00000 181427. 10672.2 4114.00 242.000 0.909506 91.0000 176.803 53.1922 -78.2152 0.533363 0.00436779 0.00000 0.00000 0.00000 490895. 0.00853452 1.64540e-08 1.00000
93.0000 18.0000 0.00000 5.00000 1.00000 0.00000 1.00000 192099. 7379.41 4356.00 167.333 0.963007 92.0000 184.465 53.9258 -80.2364 0.460196 0.00439554 0.00000 0.00000 0.00000 490895. 0.00330723 1.02876e-08 1.00000
94.0000 0.00000 0.00000 6.00000 1.00000 0.00000 1.00000 0.00000 10672.2 0.00000 242.000 0.00000 108.000 221.222 55.3902 -50.2702 0.619924 0.00533107 0.00000 0.00000 0.00000 490925. 0.793066 2.75458e-05 1.00000
95.0000 1.00000 0.00000 6.00000 1.00000 0.00000 1.00000 10672.0 10672.2 242.000 242.000 0.0699619 94.0000 178.098 53.3412 -28.8070 0.691012 0.00548827 0.00000 0.00000 0.00000 491272. 0.997431 0.00308847 1.00000
96.0000 2.00000 0.00000 6.00000 1.00000 0.00000 1.00000 21344.0 10672.2 484.000 242.000 0.139924 95.0000 178.480 53.3789 -13.6077 0.698210 0.00550195 0.00000 0.00000 0.00000 493312. 0.999595 0.0466115 1.00000
97.0000 3.00000 0.00000 6.00000 1.00000 0.00000 1.00000 32016.0 10672.2 726.000 242.000 0.209886 96.0000 178.348 53.3661 -23.0205 0.717329 0.00547846 0.00000 0.00000 0.00000 491816. 0.999415 0.00629308 1.00000
98.0000 4.00000 0.00000 6.00000 1.00000 0.00000 1.00000 42688.0 10672.2 968.000 242.000 0.279848 97.0000 178.616 53.3920 -25.9327 0.729953 0.00549391 0.00000 0.00000 0.00000 491399. 0.999205 0.00257808 1.00000
99.0000 5.00000 0.00000 6.00000 1.00000 0.00000 1.00000 53361.0 10672.2 1210.00 242.000 0.349810 98.0000 179.350 53.4477 -32.9251 0.624535 0.00540861 0.00000 0.00000 0.00000 491090. 0.997066 0.000615317 1.00000
100.000 6.00000 0.00000 6.00000 1.00000 0.00000 1.00000 64033.0 10672.2 1452.00 242.000 0.419771 99.0000 198.796 55.2242 -33.9584 0.703297 0.00544068 0.00000 0.00000 0.00000 491163. 0.995695 0.000509238 1.00000
101.000 7.00000 0.00000 6.00000 1.00000 0.00000 1.00000 74705.0 10672.2 1694.00 242.000 0.489733 100.000 214.552 56.5376 -54.0316 0.596551 0.00536767 0.00000 0.00000 0.00000 490914. 0.727948 1.07324e-05 1.00000
102.000 8.00000 0.00000 6.00000 1.00000 0.00000 1.00000 85377.0 10672.2 1936.00 242.000 0.559695 101.000 196.504 55.0085 -64.2778 0.646178 0.00513675 0.00000 0.00000 0.00000 490898. 0.279898 4.22283e-07 1.00000
103.000 9.00000 0.00000 6.00000 1.00000 0.00000 1.00000 96049.0 10672.2 2178.00 242.000 0.629657 102.000 180.841 53.5871 -71.7074 0.597855 0.00458981 0.00000 0.00000 0.00000 490894. 0.0607494 7.35360e-08 1.00000
104.000 10.0000 0.00000 6.00000 1.00000 0.00000 1.00000 106722. 10672.2 2420.00 242.000 0.699619 103.000 180.604 53.5690 -73.2495 0.583313 0.00473877 0.00000 0.00000 0.00000 490895. 0.0521806 6.47526e-08 1.00000
105.000 11.0000 0.00000 6.00000 1.00000 0.00000 1.00000 117394. 10672.2 2662.00 242.000 0.769581 104.000 187.813 54.2223 -74.7663 0.591306 0.00470358 0.00000 0.00000 0.00000 490895. 0.0292848 3.80674e-08 1.00000
106.000 12.0000 0.00000 6.00000 1.00000 0.00000 1.00000 128066. 10672.2 2904.00 242.000 0.839543 105.000 186.678 54.1415 -77.7660 0.551381 0.00438974 0.00000 0.00000 0.00000 490894. 0.00993197 1.73675e-08 1.00000
107.000 13.0000 0.00000 6.00000 1.00000 0.00000 1.00000 138738. 10672.2 3146.00 242.000 0.909505 106.000 176.798 52.3052 -80.0889 0.466213 0.00432089 0.00000 0.00000 0.00000 490894. 0.00247767 1.00797e-08 1.00000
108.000 14.0000 0.00000 6.00000 1.00000 0.00000 1.00000 149410. 3132.21 3388.00 71.0251 0.979467 107.000 2091.32 68.5890 -83.4535 0.191408 0.00440325 0.00000 0.00000 0.00000 490893. -0.00109510 4.80422e-09 1.00000
109.000 0.00000 0.00000 7.00000 2.00000 0.00000 1.00000 0.00000 10672.2 0.00000 242.000 0.00000 121.000 151.456 47.1511 -26.1739 0.216665 0.00544471 0.00000 0.00000 0.00000 491419. 0.998643 0.00292328 1.00000
110.000 1.00000 0.00000 7.00000 2.00000 0.00000 1.00000 10672.0 10672.2 242.000 242.000 0.0766973 109.000 179.536 52.0027 -19.8197 0.360972 0.00532848 0.00000 0.00000 0.00000 491980. 0.998926 0.0107285 1.00000
111.000 2.00000 0.00000 7.00000 2.00000 0.00000 1.00000 21344.0 10672.2 484.000 242.000 0.153395 110.000 286.196 61.2387 -15.7209 0.574722 0.00549219 0.00000 0.00000 0.00000 492870. 0.999241 0.0366541 1.00000
112.000 3.00000 0.00000 7.00000 2.00000 0.00000 1.00000 32016.0 10672.2 726.000 242.000 0.230092 111.000 305.353 62.6726 -14.8290 0.627432 0.00536124 0.00000 0.00000 0.00000 493175. 0.999129 0.0352335 1.00000
113.000 4.00000 0.00000 7.00000 2.00000 0.00000 1.00000 42688.0 10672.2 968.000 242.000 0.306789 112.000 307.286 62.7821 -12.0900 0.717743 0.00546452 0.00000 0.00000 0.00000 494376. 0.999070 0.0796419 1.00000
114.000 5.00000 0.00000 7.00000 2.00000 0.00000 1.00000 53361.0 10672.2 1210.00 242.000 0.383487 113.000 292.328 61.5791 -12.9384 0.724220 0.00548950 0.00000 0.00000 0.00000 493943. 0.999311 0.0629651 1.00000
115.000 6.00000 0.00000 7.00000 2.00000 0.00000 1.00000 64033.0 10672.2 1452.00 242.000 0.460184 114.000 296.101 61.8380 -18.4128 0.623416 0.00546723 0.00000 0.00000 0.00000 492670. 0.999128 0.0183565 1.00000
116.000 7.00000 0.00000 7.00000 2.00000 0.00000 1.00000 74705.0 10672.2 1694.00 242.000 0.536881 115.000 300.497 62.0933 -21.3024 0.626095 0.00536456 0.00000 0.00000 0.00000 492108. 0.998669 0.00919630 1.00000
117.000 8.00000 0.00000 7.00000 2.00000 0.00000 1.00000 85377.0 10672.2 1936.00 242.000 0.613578 116.000 292.723 61.6602 -22.0632 0.689535 0.00537881 0.00000 0.00000 0.00000 492025. 0.999069 0.00814375 1.00000
118.000 9.00000 0.00000 7.00000 2.00000 0.00000 1.00000 96049.0 10672.2 2178.00 242.000 0.690276 117.000 310.148 62.9429 -29.3730 0.677339 0.00549534 0.00000 0.00000 0.00000 491354. 0.998163 0.00121919 1.00000
119.000 10.0000 0.00000 7.00000 2.00000 0.00000 1.00000 106722. 10672.2 2420.00 242.000 0.766973 118.000 310.969 62.9881 -31.1551 0.654635 0.00541232 0.00000 0.00000 0.00000 491274. 0.997369 0.00105856 1.00000
120.000 11.0000 0.00000 7.00000 2.00000 0.00000 1.00000 117394. 10672.2 2662.00 242.000 0.843670 119.000 295.449 61.8234 -35.8839 0.564758 0.00535160 0.00000 0.00000 0.00000 491113. 0.993185 0.000424707 1.00000
121.000 12.0000 0.00000 7.00000 2.00000 0.00000 1.00000 128066. 10672.2 2904.00 242.000 0.920368 120.000 309.233 62.8934 -39.1165 0.698200 0.00541780 0.00000 0.00000 0.00000 491047. 0.986933 0.000183928 1.00000
122.000 0.00000 0.00000 8.00000 2.00000 0.00000 1.00000 0.00000 10672.2 0.00000 242.000 0.00000 131.000 277.113 57.7377 -18.0400 0.398299 0.00546200 0.00000 0.00000 0.00000 492828. 0.997761 0.0420450 1.00000
123.000 1.00000 0.00000 8.00000 2.00000 0.00000 1.00000 10672.0 10672.2 242.000 242.000 0.106348 122.000 135.549 46.6544 -16.3603 0.358159 0.00549549 0.00000 0.00000 0.00000 492345. 0.998486 0.0253347 1.00000
124.000 2.00000 0.00000 8.00000 2.00000 0.00000 1.00000 21344.0 10672.2 484.000 242.000 0.212695 123.000 231.581 57.2323 -13.6304 0.571467 0.00549106 0.00000 0.00000 0.00000 493123. 0.998698 0.0455106 1.00000
125.000 3.00000 0.00000 8.00000 2.00000 0.00000 1.00000 32016.0 10672.2 726.000 242.000 0.319043 124.000 248.847 59.1317 -19.7179 0.511936 0.00532844 0.00000 0.00000 0.00000 492122. 0.998493 0.0113274 1.00000
126.000 4.00000 0.00000 8.00000 2.00000 0.00000 1.00000 42688.0 10672.2 968.000 242.000 0.425391 125.000 244.375 58.8182 -21.8137 0.607118 0.00529940 0.00000 0.00000 0.00000 491845. 0.998063 0.00667333 1.00000
127.000 5.00000 0.00000 8.00000 2.00000 0.00000 1.00000 53361.0 10672.2 1210.00 242.000 0.531738 126.000 244.200 57.4661 -28.1684 0.423948 0.00549229 0.00000 0.00000 0.00000 491526. 0.997236 0.00223655 1.00000
128.000 6.00000 0.00000 8.00000 2.00000 0.00000 1.00000 64033.0 10672.2 1452.00 242.000 0.638086 127.000 196.655 53.1512 -31.8916 0.328323 0.00542750 0.00000 0.00000 0.00000 491063. 0.996890 0.000680869 1.00000
129.000 7.00000 0.00000 8.00000 2.00000 0.00000 1.00000 74705.0 10672.2 1694.00 242.000 0.744434 128.000 230.736 55.4739 -35.6103 0.381629 0.00525045 0.00000 0.00000 0.00000 491065. 0.994185 0.000326828 1.00000
130.000 8.00000 0.00000 8.00000 2.00000 0.00000 1.00000 85377.0 10672.2 1936.00 242.000 0.850781 129.000 268.861 60.0474 -38.3931 0.420390 0.00526335 0.00000 0.00000 0.00000 490996. 0.990249 0.000181573 1.00000
131.000 9.00000 0.00000 8.00000 2.00000 0.00000 1.00000 96049.0 4302.20 2178.00 97.5557 0.957129 130.000 114.853 42.4305 -43.2430 0.318713 0.00510122 0.00000 0.00000 0.00000 490947. 0.975836 5.10273e-05 1.00000
132.000 0.00000 0.00000 9.00000 2.00000 0.00000 1.00000 0.00000 10672.2 0.00000 242.000 0.00000 149.000 163.558 51.2456 -19.3774 0.526474 0.00549222 0.00000 0.00000 0.00000 492361. 0.999136 0.0157348 1.00000
133.000 1.00000 0.00000 9.00000 2.00000 0.00000 1.00000 10672.0 10672.2 242.000 242.000 0.0581021 132.000 123.910 45.6630 -25.6398 0.417581 0.00549472 0.00000 0.00000 0.00000 491478. 0.998977 0.00291374 1.00000
134.000 2.00000 0.00000 9.00000 2.00000 0.00000 1.00000 21344.0 10672.2 484.000 242.000 0.116204 133.000 118.981 44.8890 -26.1598 0.452146 0.00549895 0.00000 0.00000 0.00000 491491. 0.999046 0.00257000 1.00000
135.000 3.00000 0.00000 9.00000 2.00000 0.00000 1.00000 32016.0 10672.2 726.000 242.000 0.174306 134.000 116.784 44.6706 -27.8205 0.477457 0.00546299 0.00000 0.00000 0.00000 491408. 0.998722 0.00202019 1.00000
136.000 4.00000 0.00000 9.00000 2.00000 0.00000 1.00000 42688.0 10672.2 968.000 242.000 0.232409 135.000 122.867 43.5836 -32.2206 0.383054 0.00548746 0.00000 0.00000 0.00000 491188. 0.997564 0.000710314 1.00000
137.000 5.00000 0.00000 9.00000 2.00000 0.00000 1.00000 53361.0 10672.2 1210.00 242.000 0.290511 136.000 135.278 47.2405 -35.0751 0.408824 0.00540865 0.00000 0.00000 0.00000 491047. 0.996110 0.000337399 1.00000
138.000 6.00000 0.00000 9.00000 2.00000 0.00000 1.00000 64033.0 10672.2 1452.00 242.000 0.348613 137.000 172.270 50.8006 -35.6408 0.395127 0.00543925 0.00000 0.00000 0.00000 491070. 0.995433 0.000285775 1.00000
139.000 7.00000 0.00000 9.00000 2.00000 0.00000 1.00000 74705.0 10672.2 1694.00 242.000 0.406715 138.000 125.791 43.7386 -29.1588 0.357124 0.00535249 0.00000 0.00000 0.00000 491204. 0.997572 0.00158256 1.00000
140.000 8.00000 0.00000 9.00000 2.00000 0.00000 1.00000 85377.0 10672.2 1936.00 242.000 0.464817 139.000 137.828 47.1388 -20.7190 0.394058 0.00549072 0.00000 0.00000 0.00000 492177. 0.998582 0.0104348 1.00000
141.000 9.00000 0.00000 9.00000 2.00000 0.00000 1.00000 96049.0 10672.2 2178.00 242.000 0.522919 140.000 140.556 47.6411 -15.9280 0.383818 0.00546016 0.00000 0.00000 0.00000 492792. 0.998727 0.0257143 1.00000
142.000 10.0000 0.00000 9.00000 2.00000 0.00000 1.00000 106722. 10672.2 2420.00 242.000 0.581021 141.000 114.069 44.5349 -18.9445 0.382206 0.00533231 0.00000 0.00000 0.00000 491952. 0.998772 0.0133610 1.00000
143.000 11.0000 0.00000 9.00000 2.00000 0.00000 1.00000 117394. 10672.2 2662.00 242.000 0.639123 142.000 80.9642 39.6939 -22.8965 0.395795 0.00544282 0.00000 0.00000 0.00000 491543. 0.998919 0.00534754 1.00000
144.000 12.0000 0.00000 9.00000 2.00000 0.00000 1.00000 128066. 10672.2 2904.00 242.000 0.697226 143.000 156.636 49.0125 -27.9011 0.365763 0.00538598 0.00000 0.00000 0.00000 491333. 0.997608 0.00167367 1.00000
145.000 13.0000 0.00000 9.00000 2.00000 0.00000 1.00000 138738. 10672.2 3146.00 242.000 0.755328 144.000 135.446 48.3243 -30.6524 0.356750 0.00520778 0.00000 0.00000 0.00000 491195. 0.997339 0.000877402 1.00000
146.000 14.0000 0.00000 9.00000 2.00000 0.00000 1.00000 149410. 10672.2 3388.00 242.000 0.813430 145.000 150.570 49.7780 -32.9366 0.392316 0.00541344 0.00000 0.00000 0.00000 491075. 0.996902 0.000521272 1.00000
147.000 15.0000 0.00000 9.00000 2.00000 0.00000 1.00000 160083. 10672.2 3630.00 242.000 0.871532 146.000 157.086 50.8363 -37.0305 0.495703 0.00546140 0.00000 0.00000 0.00000 491047. 0.993865 0.000200673 1.00000
148.000 16.0000 0.00000 9.00000 2.00000 0.00000 1.00000 170755. 10672.2 3872.00 242.000 0.929634 147.000 151.566 49.9456 -40.0683 0.476564 0.00529673 0.00000 0.00000 0.00000 490974. 0.986873 0.000116135 1.00000
149.000 17.0000 0.00000 9.00000 2.00000 0.00000 1.00000 181427. 2252.61 4114.00 51.0796 0.987736 148.000 128.477 46.3481 -48.2301 0.257650 0.00546942 0.00000 0.00000 0.00000 490945. 0.925761 1.81071e-05 1.00000
150.000 0.00000 0.00000 10.0000 2.00000 0.00000 1.00000 0.00000 10672.2 0.00000 242.000 0.00000 180.000 154.009 47.6389 -29.7257 0.243461 0.00542607 0.00000 0.00000 0.00000 491665. 0.979226 0.0182320 1.00000
151.000 1.00000 0.00000 10.0000 2.00000 0.00000 1.00000 10672.0 10672.2 242.000 242.000 0.0331913 150.000 133.694 47.6068 -15.7473 0.356417 0.00543457 0.00000 0.00000 0.00000 493718. 0.999191 0.0299625 1.00000
152.000 2.00000 0.00000 10.0000 2.00000 0.00000 1.00000 21344.0 10672.2 484.000 242.000 0.0663826 151.000 88.5382 38.8248 -19.2484 0.329484 0.00549421 0.00000 0.00000 0.00000 492148. 0.999524 0.0125324 1.00000
153.000 3.00000 0.00000 10.0000 2.00000 0.00000 1.00000 32016.0 10672.2 726.000 242.000 0.0995739 152.000 106.968 42.3339 -21.0756 0.399989 0.00523895 0.00000 0.00000 0.00000 491893. 0.999132 0.00831079 1.00000
154.000 4.00000 0.00000 10.0000 2.00000 0.00000 1.00000 42688.0 10672.2 968.000 242.000 0.132765 153.000 141.904 48.7902 -23.1355 0.344081 0.00550156 0.00000 0.00000 0.00000 491742. 0.999582 0.00510420 1.00000
155.000 5.00000 0.00000 10.0000 2.00000 0.00000 1.00000 53361.0 10672.2 1210.00 242.000 0.165957 154.000 110.560 42.9475 -22.0839 0.324382 0.00545655 0.00000 0.00000 0.00000 491898. 0.999229 0.00641839 1.00000
156.000 6.00000 0.00000 10.0000 2.00000 0.00000 1.00000 64033.0 10672.2 1452.00 242.000 0.199148 155.000 121.692 44.6834 -22.2613 0.324425 0.00548253 0.00000 0.00000 0.00000 491934. 0.999315 0.00608153 1.00000
157.000 7.00000 0.00000 10.0000 2.00000 0.00000 1.00000 74705.0 10672.2 1694.00 242.000 0.232339 156.000 93.2892 40.0161 -22.5519 0.373647 0.00547157 0.00000 0.00000 0.00000 491620. 0.999689 0.00569250 1.00000
158.000 8.00000 0.00000 10.0000 2.00000 0.00000 1.00000 85377.0 10672.2 1936.00 242.000 0.265530 157.000 127.376 44.4949 -26.8530 0.376355 0.00549190 0.00000 0.00000 0.00000 491392. 0.998611 0.00230951 1.00000
159.000 9.00000 0.00000 10.0000 2.00000 0.00000 1.00000 96049.0 10672.2 2178.00 242.000 0.298722 158.000 154.526 47.7745 -26.7168 0.349942 0.00548344 0.00000 0.00000 0.00000 491519. 0.998819 0.00219459 1.00000
160.000 10.0000 0.00000 10.0000 2.00000 0.00000 1.00000 106722. 10672.2 2420.00 242.000 0.331913 159.000 114.010 43.4453 -23.7257 0.380041 0.00550411 0.00000 0.00000 0.00000 491533. 0.999143 0.00431193 1.00000
161.000 11.0000 0.00000 10.0000 2.00000 0.00000 1.00000 117394. 10672.2 2662.00 242.000 0.365104 160.000 114.805 44.2343 -27.3826 0.341478 0.00550500 0.00000 0.00000 0.00000 491358. 0.998821 0.00186201 1.00000
162.000 12.0000 0.00000 10.0000 2.00000 0.00000 1.00000 128066. 10672.2 2904.00 242.000 0.398296 161.000 63.2613 34.0900 -30.9702 0.384547 0.00548553 0.00000 0.00000 0.00000 491151. 0.998141 0.000864180 1.00000
163.000 13.0000 0.00000 10.0000 2.00000 0.00000 1.00000 138738. 10672.2 3146.00 242.000 0.431487 162.000 136.285 47.8315 -26.4096 0.409573 0.00540992 0.00000 0.00000 0.00000 491569. 0.999366 0.00240202 1.00000
164.000 14.0000 0.00000 10.0000 2.00000 0.00000 1.00000 149410. 10672.2 3388.00 242.000 0.464678 163.000 138.298 46.4506 -31.6198 0.302277 0.00548240 0.00000 0.00000 0.00000 491183. 0.997728 0.000756360 1.00000
165.000 15.0000 0.00000 10.0000 2.00000 0.00000 1.00000 160083. 10672.2 3630.00 242.000 0.497870 164.000 139.958 44.0198 -29.6925 0.358847 0.00547233 0.00000 0.00000 0.00000 491307. 0.998436 0.00111271 1.00000
166.000 16.0000 0.00000 10.0000 2.00000 0.00000 1.00000 170755. 10672.2 3872.00 242.000 0.531061 165.000 77.2710 36.8860 -29.8431 0.406673 0.00549731 0.00000 0.00000 0.00000 491292. 0.998848 0.00106905 1.00000
167.000 17.0000 0.00000 10.0000 2.00000 0.00000 1.00000 181427. 10672.2 4114.00 242.000 0.564252 166.000 86.9542 38.6090 -34.9535 0.354411 0.00542822 0.00000 0.00000 0.00000 491112. 0.995494 0.000356283 1.00000
168.000 18.0000 0.00000 10.0000 2.00000 0.00000 1.00000 192099. 10672.2 4356.00 242.000 0.597444 167.000 115.925 42.9922 -34.4011 0.354539 0.00550138 0.00000 0.00000 0.00000 491175. 0.996713 0.000381332 1.00000
169.000 19.0000 0.00000 10.0000 2.00000 0.00000 1.00000 202771. 10672.2 4598.00 242.000 0.630635 168.000 101.391 41.2891 -33.9845 0.354392 0.00539834 0.00000 0.00000 0.00000 491051. 0.997240 0.000401645 1.00000
170.000 20.0000 0.00000 10.0000 2.00000 0.00000 1.00000 213444. 10672.2 4840.00 242.000 0.663826 169.000 75.9094 37.1745 -35.2373 0.341239 0.00549777 0.00000 0.00000 0.00000 491101. 0.995869 0.000315219 1.00000
171.000 21.0000 0.00000 10.0000 2.00000 0.00000 1.00000 224116. 10672.2 5082.00 242.000 0.697017 170.000 99.0270 40.7056 -38.5148 0.375320 0.00549262 0.00000 0.00000 0.00000 491008. 0.992157 0.000149683 1.00000
172.000 22.0000 0.00000 10.0000 2.00000 0.00000 1.00000 234788. 10672.2 5324.00 242.000 0.730209 171.000 114.353 43.4731 -39.6333 0.339808 0.00536592 0.00000 0.00000 0.00000 490969. 0.989985 0.000110727 1.00000
173.000 23.0000 0.00000 10.0000 2.00000 0.00000 1.00000 245460. 10672.2 5566.00 242.000 0.763400 172.000 100.986 41.3213 -43.2673 0.344975 0.00549577 0.00000 0.00000 0.00000 490993. 0.975760 5.40001e-05 1.00000
174.000 24.0000 0.00000 10.0000 2.00000 0.00000 1.00000 256132. 10672.2 5808.00 242.000 0.796591 173.000 103.982 42.0629 -44.0801 0.367797 0.00544461 0.00000 0.00000 0.00000 490938. 0.972105 4.34634e-05 1.00000
175.000 25.0000 0.00000 10.0000 2.00000 0.00000 1.00000 266805. 10672.2 6050.00 242.000 0.829783 174.000 87.8923 38.8923 -45.6785 0.328696 0.00540534 0.00000 0.00000 0.00000 490931. 0.962629 2.80451e-05 1.00000
176.000 26.0000 0.00000 10.0000 2.00000 0.00000 1.00000 277477. 10672.2 6292.00 242.000 0.862974 175.000 128.699 44.8838 -51.9329 0.334789 0.00537905 0.00000 0.00000 0.00000 490913. 0.847735 7.67227e-06 1.00000
177.000 27.0000 0.00000 10.0000 2.00000 0.00000 1.00000 288149. 10672.2 6534.00 242.000 0.896165 176.000 104.513 41.6104 -51.6339 0.377828 0.00541534 0.00000 0.00000 0.00000 490910. 0.870046 7.04650e-06 1.00000
178.000 28.0000 0.00000 10.0000 2.00000 0.00000 1.00000 298821. 10672.2 6776.00 242.000 0.929357 177.000 90.9671 40.0705 -58.0784 0.365077 0.00529427 0.00000 0.00000 0.00000 490897. 0.598286 1.91463e-06 1.00000
179.000 29.0000 0.00000 10.0000 2.00000 0.00000 1.00000 309493. 10672.2 7018.00 242.000 0.962548 178.000 72.6298 36.8184 -68.1036 0.408237 0.00523157 0.00000 0.00000 0.00000 490886. 0.178451 2.49474e-07 1.00000
180.000 30.0000 0.00000 10.0000 2.00000 0.00000 1.00000 320166. 1370.01 7260.00 31.0659 0.995739 179.000 55.5452 33.1707 -86.5515 0.256909 0.00492006 0.00000 0.00000 0.00000 490883. 0.00209507 2.21235e-09 1.00000
